PopulationRealizer/DPGUI/runnable/RhodeIsland/data/ri_tracts240.asc
ncols         294
nrows         417
xllcorner     1968934.229657
yllcorner     2274059.808469
cellsize      240
NODATA_value  -9999
[rows 66 to 98 of 417, columns 73 to 145 of 294]
713102 713102 713102 713102 713102 713102 713102 713102 713102 713102 713102 712701 712701 712701 712701 712701 712701 712701 712701 712701 712701 712701 712701 712701 712701 712601 712601 712601 712601 712601 712601 712601 712601 712601 712602 712602 712602 712602 712602 712602 712602 712602 712602 712602 712602 712602 712602 712602 712602 712602 711600 711600 711600 711600 711600 711600 711600 711600 711600 711600 711600 711600 711600 711702 711702 711702 711702 711702 711702 711702 711702 711702 711702
713102 713102 713102 713102 713102 713102 713102 713102 713102 713102 713102 713102 712701 712701 712701 712701 712701 712701 712701 712701 712701 712701 712701 712701 712701 712601 712601 712601 712601 712601 712601 712601 712601 712602 712602 712602 712602 712602 712602 712602 712602 712602 712602 712602 712602 712602 712602 712602 712602 712602 712602 711600 711600 711600 711600 711600 711600 711600 711600 711600 711600 711600 711600 711600 711702 711702 711702 711702 711702 711702 711702 715000 715000
713102 713102 713102 713102 713102 713102 713102 713102 713102 713102 713102 713102 712701 712701 712701 712701 712701 712701 712701 712701 712701 712701 712701 712701 712701 712701 712601 712601 712601 712601 712601 712601 712601 712602 712602 712602 712602 712602 712602 712602 712602 712602 712602 712602 712602 712602 712602 712602 712602 712602 712602 711600 711600 711600 711600 711600 711600 711600 711600 711600 711600 711600 711600 711600 711702 711702 711702 711702 711702 715000 715000 715000 715000
713102 713102 713102 713102 713102 713102 713102 713102 713102 713102 713102 713102 712701 712701 712701 712701 712701 712701 712701 712701 712701 712701 712701 712701 712701 712701 712601 712601 712601 712601 712601 712601 712601 712602 712602 712602 712602 712602 712602 712602 712602 712602 712602 712602 712602 712602 712602 712602 712602 712602 712602 712602 711600 711600 711600 711600 711600 711600 711600 711600 711600 711600 711600 711600 711600 711702 711702 711800 711800 711800 715000 715000 715000
713102 713102 713102 713102 713102 713102 713102 713102 713102 713102 713102 713102 712701 712701 712701 712701 712701 712701 712701 712701 712701 712701 712701 712701 712701 712701 712701 712701 712601 712601 712601 712601 712601 712601 712602 712602 712602 712602 712602 712602 712602 712602 712602 712602 712602 712602 712602 712602 712602 712602 712602 712602 711600 711600 711600 711600 711600 711600 711600 711600 711600 711600 711600 711600 711600 711800 711800 711800 711800 711800 715000 715000 715000
713102 713102 713102 713102 713102 713102 713102 713102 713102 713102 713102 713102 713102 712701 712701 712701 712701 712701 712701 712701 712701 712701 712701 712701 712701 712701 712701 712701 712701 712601 712601 712601 712601 712601 712602 712602 712602 712602 712602 712602 712602 712602 712602 712602 712602 712602 712602 712602 712602 712602 712602 712602 712602 711600 711600 711600 711600 711600 711600 711600 711600 711900 711900 711900 711800 711800 711800 711800 711800 711800 715000 715000 716300
713102 713102 713102 713102 713102 713102 713102 713102 713102 713102 713102 713102 713102 712701 712701 712701 712701 712701 712701 712701 712701 712701 712701 712701 712701 712701 712701 712701 712701 712601 712601 712601 712601 712601 712601 712602 712602 712602 712602 712602 712602 712602 712602 712602 712602 712602 712602 712602 712602 712602 712602 712602 712602 711600 711600 711600 711600 711600 711600 711600 711900 711900 711900 711900 711800 711800 711800 711800 711800 711800 711800 716300 716300
713102 713102 713102 713102 713102 713102 713102 713102 713102 713102 713102 713102 713102 712701 712701 712701 712701 712701 712701 712701 712701 712701 712701 712701 712701 712701 712701 712701 712701 712701 712601 712601 712601 712601 712601 712601 712602 712602 712602 712602 712602 712602 712602 712602 712602 712602 712602 712602 712602 712602 712602 712602 712602 711600 711600 711600 711600 711600 711900 711900 711900 711900 711900 711900 711800 711800 711800 711800 711800 711800 711800 716300 716300
713102 713102 713102 713102 713102 713102 713102 713102 713102 713102 713102 713102 713102 713102 712701 712701 712701 712701 712701 712701 712701 712701 712701 712701 712701 712701 712701 712701 712701 712701 712601 712601 712601 712601 712601 712601 712602 712602 712602 712602 712602 712602 712602 712602 712602 712602 712602 712602 712602 712602 712602 712602 712602 712602 711900 711900 711900 711900 711900 711900 711900 711900 711900 711900 711800 711800 711800 711800 711800 711800 711800 711800 716300
713102 713102 713102 713102 713102 713102 713102 713102 713102 713102 713102 713102 713102 713102 712701 712701 712701 712701 712701 712701 712701 712701 712701 712701 712701 712701 712701 712701 712701 712701 712701 712601 712601 712601 712601 712601 712601 712602 712602 712602 712602 712602 712602 712602 712602 712602 712602 712602 712602 712602 712602 712602 712602 711900 711900 711900 711900 711900 711900 711900 711900 711900 711900 711900 711800 711800 711800 711800 711800 711800 711800 711800 716300
713102 713102 713102 713102 713102 713102 713102 713102 713102 713102 713102 713102 713102 713102 713102 712701 712701 712701 712701 712701 712701 712701 712701 712701 712701 712701 712701 712701 712701 712701 712701 712701 712601 712601 712601 712601 712601 712601 712602 712602 712602 712602 712602 712602 712602 712602 712602 712602 712602 712602 712602 712101 712101 711900 711900 711900 711900 711900 711900 711900 711900 711900 711900 711900 711900 711900 711800 711800 711800 711800 711800 711800 711800
713102 713102 713102 713102 713102 713102 713102 713102 713102 713102 713102 713102 713102 713102 713102 712701 712701 712701 712701 712701 712701 712701 712701 712701 712701 712701 712701 712701 712701 712701 712701 712701 712601 712601 712601 712601 712601 712601 712602 712602 712602 712602 712602 712602 712602 712602 712602 712602 712602 712101 712101 712101 712101 712101 711900 711900 711900 711900 711900 711900 711900 711900 711900 711900 711900 711900 702800 702800 702800 702900 702900 702900 702900
713102 713102 713102 713102 713102 713102 713102 713102 713102 713102 713102 713102 713102 713102 713102 712701 712701 712701 712701 712701 712701 712701 712701 712701 712701 712701 712701 712701 712701 712702 712701 712601 712601 712601 712601 712601 712601 712601 712602 712602 712602 712602 712602 712602 712602 712602 712602 712101 712101 712101 712101 712101 712101 712101 712101 712101 711900 711900 711900 711900 711900 711900 711900 711900 711900 711900 702800 702800 702800 702900 702900 702900 702900
713102 713102 713102 713102 713102 713102 713102 713102 713102 713102 713102 713102 713102 713102 713102 713102 712701 712701 712701 712701 712701 712701 712701 712701 712701 712701 712701 712701 712702 712702 712702 712702 712601 712601 712601 712601 712601 712601 712601 712602 712602 712602 712602 712602 712602 712300 712300 712101 712101 712101 712101 712101 712101 712101 712101 712101 712101 711900 711900 711900 711900 711900 711900 711900 711900 702800 702800 702800 702800 702800 702900 702900 702900
713102 713102 713102 713102 713102 713102 713102 713102 713102 713102 713102 713102 713102 713102 713102 713102 712701 712701 712701 712701 712701 712701 712701 712701 712701 712701 712701 712701 712702 712702 712702 712702 712702 712601 712601 712601 712601 712601 712601 712602 712602 712602 712602 712300 712300 712300 712300 712101 712101 712101 712101 712101 712101 712101 712101 712101 712000 712000 712000 711900 711900 711900 711900 711900 711900 702800 702800 702800 702800 702800 702700 702900 702900
713102 713102 713102 713102 713102 713102 713102 713102 713102 713102 713102 713102 713102 713102 713102 713102 713102 712702 712701 712701 712701 712701 712701 712701 712701 712701 712701 712701 712702 712702 712702 712702 712702 712702 712601 712601 712601 712601 712601 712602 712602 712300 712300 712300 712300 712300 712300 712300 712300 712101 712101 712101 712101 712101 712101 712000 712000 712000 712000 712000 712000 712000 712000 712000 702800 702800 702800 702800 702800 702800 702700 702700 702900
713102 713102 713102 713102 713102 713102 713102 713102 713102 713102 713102 713102 713102 713102 713102 713102 713102 712702 712702 712702 712702 712702 712702 712702 712701 712701 712701 712702 712702 712702 712702 712702 712702 712702 712601 712601 712601 712601 712601 712300 712300 712300 712300 712300 712300 712300 712300 712300 712300 712101 712101 712101 712101 712101 712101 712000 712000 712000 712000 712000 712000 712000 712000 702400 702400 702800 702800 702800 702800 702800 702700 702700 702700
713102 713102 713102 713102 713102 713102 713102 713102 713102 713102 713102 713102 713102 713102 713102 713102 713102 713102 712702 712702 712702 712702 712702 712702 712702 712702 712702 712702 712702 712702 712702 712702 712702 712702 712601 712601 712300 712300 712300 712300 712300 712300 712300 712300 712300 712300 712300 712300 712300 712300 712101 712101 712101 712101 712000 712000 712000 712000 712000 712000 712000 712000 712000 702400 702400 702400 702400 702400 702800 702800 702700 702700 702700
713102 713102 713102 713102 713102 713102 713102 713102 713102 713102 713102 713102 713102 713102 713102 713102 713102 713102 712702 712702 712702 712702 712702 712702 712702 712702 712702 712702 712702 712702 712702 712702 712702 712702 712300 712300 712300 712300 712300 712300 712300 712300 712300 712300 712300 712300 712300 712300 712300 712300 712101 712102 712102 712102 712000 712000 712000 712000 712000 712000 712000 712000 702400 702400 702400 702400 702400 702400 702400 702700 702700 702700 702700
713102 713102 713102 713102 713102 713102 713102 713102 713102 713102 713102 713102 713102 713102 713102 713102 713102 713102 712702 712702 712702 712702 712702 712702 712702 712702 712702 712702 712702 712702 712702 712702 712200 712200 712200 712300 712300 712300 712300 712300 712300 712300 712300 712300 712300 712300 712300 712300 712300 712300 712300 712102 712102 712102 712102 712000 712000 712000 712000 712000 712000 702400 702400 702400 702400 702400 702400 702400 702400 702700 702700 702700 702700
713102 713102 713102 713102 713102 713102 713102 713102 713102 713102 713102 713102 713102 713102 713102 713102 713102 713102 713102 712702 712702 712702 712702 712702 712702 712702 712702 712702 712702 712702 712200 712200 712200 712200 712200 712200 712300 712300 712300 712300 712300 712300 712300 712300 712300 712300 712300 712300 712300 712300 712300 712300 712300 712102 712102 712102 712102 712000 712000 712000 702400 702400 702400 702400 702400 702400 702400 702300 702300 702300 702300 702600 702700
713102 713102 713102 713102 713102 713102 713102 713102 713102 713102 713102 713102 713102 713102 713102 713102 713102 713102 713102 712702 712702 712702 712702 712702 712702 712702 712702 712200 712200 712200 712200 712200 712200 712200 712200 712200 712200 712300 712300 712300 712300 712300 712300 712300 712300 712300 712300 712300 712300 712300 712300 712300 712300 712102 712102 712102 712102 712102 712000 712000 702400 702400 702400 702400 702400 702400 702300 702300 702300 702300 702300 702600 702600
713102 713102 713102 713102 713102 713102 713102 713102 713102 713102 713102 713102 713102 713102 713102 713102 713102 713102 713102 712702 712702 712702 712702 712702 712702 712200 712200 712200 712200 712200 712200 712200 712200 712200 712200 712200 712200 712200 712200 712200 712300 712300 712300 712300 712300 712300 712300 712300 712300 712300 712300 712300 712300 712300 712102 712102 712102 712102 712000 702400 702400 702400 702400 702400 702400 702100 702300 702300 702300 702300 702300 702500 702500
713102 713102 713102 713102 713102 713102 713102 713102 713102 713102 713102 713102 713102 713102 713102 713102 713102 713102 713102 713102 712702 712702 712702 712200 712200 712200 712200 712200 712200 712200 712200 712200 712200 712200 712200 712200 712200 712200 712200 712200 712200 712200 712200 712200 712200 712300 712300 712300 712300 712300 712300 712300 712300 712300 712102 712102 712102 712102 712000 702400 702400 702400 702400 702400 702100 702100 702100 702300 702300 702300 702300 702200 702500
713102 713102 713102 713102 713102 713102 713102 713102 713102 713102 713102 713102 713102 713102 713102 713102 713102 713102 713102 713102 712702 712200 712200 712200 712200 712200 712200 712200 712200 712200 712200 712200 712200 712200 712200 712200 712200 712200 712200 712200 712200 712200 712200 712200 712200 712200 712300 712300 712300 712300 712300 712300 712300 712300 712300 712102 712102 712102 702000 702000 702400 702400 702400 702000 702100 702100 702100 702300 702300 702200 702200 702200 702500
713102 713102 713102 713102 713102 713102 713102 713102 713102 713102 713102 713102 713102 713102 713102 713102 713102 713102 713201 713201 713201 712200 712200 712200 712200 712200 712200 712200 712200 712200 712200 712200 712200 712200 712200 712200 712200 712200 712200 712200 712200 712200 712200 712200 712200 712200 712300 712300 712300 712300 712300 712300 712300 712300 712300 712102 712300 702000 702000 702000 702400 702400 702400 702000 702100 702100 702100 702200 702200 702200 702200 702500 702500
713102 713102 713102 713102 713102 713102 713102 713102 713102 713102 713102 713102 713102 713102 713102 713201 713201 713201 713201 713201 713201 712200 712200 712200 712200 712200 712200 712200 712200 712200 712200 712200 712200 712200 712200 712200 712200 712200 712200 712200 712200 712200 712200 712200 712200 712200 712300 712300 712300 712300 712300 712300 712300 712300 712401 712300 712300 702000 702000 702000 702000 702000 702000 702000 702100 702100 702100 702100 702200 702200 702500 702500 702500
713102 713102 713102 713102 713102 713102 713102 713102 713102 713102 713102 713102 713201 713201 713201 713201 713201 713201 713201 713201 713201 713201 712200 712200 712200 712200 712200 712200 712200 712200 712200 712200 712200 712200 712200 712200 712200 712200 712200 712200 712200 712200 712200 712200 712200 712200 712300 712300 712300 712300 712300 712300 712401 712401 712401 712401 712401 712401 712401 702000 702000 702000 702000 702100 702100 702100 702100 702100 702200 702200 702500 702500 700900
713102 713102 713102 713102 713102 713102 713102 713102 713201 713201 713201 713201 713201 713201 713201 713201 713201 713201 713201 713201 713201 713201 712200 712200 712200 712200 712200 712200 712200 712200 712200 712200 712200 712200 712200 712200 712200 712200 712200 712200 712200 712200 712200 712200 712200 712200 712300 712300 712300 712300 712300 712401 712401 712401 712401 712401 712401 712401 712401 712401 712401 702000 702000 702100 702100 702100 702100 702100 701900 701900 701900 701000 700900
713102 713102 713102 713102 713102 713202 713202 713202 713202 713201 713201 713201 713201 713201 713201 713201 713201 713201 713201 713201 713201 713201 713201 712200 712200 712200 712200 712200 712200 712200 712200 712200 712200 712200 712200 712200 712200 712200 712200 712200 712200 712200 712200 712200 712200 712200 712200 712300 712300 712300 712300 712401 712401 712401 712401 712401 712401 712401 712401 712401 712401 712401 702000 702000 702000 701900 701900 701900 701900 701900 701900 701000 701000
713102 713202 713202 713202 713202 713202 713202 713202 713202 713202 713201 713201 713201 713201 713201 713201 713201 713201 713201 713201 713201 713201 713201 712200 712200 712200 712200 712200 712200 712200 712200 712200 712200 712200 712200 712200 712200 712200 712200 712200 712200 712200 712200 712200 712200 712200 712200 712200 712300 712401 712401 712401 712401 712401 712401 712401 712401 712401 712401 712401 712401 712401 702000 702000 701900 701900 701900 701900 701900 701900 701900 701000 701000
713202 713202 713202 713202 713202 713202 713202 713202 713202 713202 713201 713201 713201 713201 713201 713201 713201 713201 713201 713201 713201 713201 713201 713201 712200 712200 712200 712200 712200 712200 712200 712200 712200 712200 712200 712200 712200 712200 712200 712200 712200 712200 712200 712200 712200 712200 712200 712401 712401 712401 712401 712401 712401 712401 712401 712401 712401 712401 712401 702000 702000 701800 701800 701800 701800 701800 701800 701900 701900 701900 701000 701000 701300
713202 713202 713202 713202 713202 713202 713202 713202 713202 713202 713201 713201 713201 713201 713201 713201 713201 713201 713201 713201 713201 713201 713201 713201 712200 712200 712200 712200 712200 712200 712200 712200 712200 712200 712200 712200 712200 712200 712200 712200 712200 712200 712200 712200 712200 712200 712401 712401 712401 712401 712401 712401 712401 712401 712401 712401 712401 712401 712401 712402 701800 701800 701800 701800 701800 701800 701800 701600 701600 701600 701300 701300 701300
