PopulationRealizer/DPGUI/runnable/RhodeIsland/data/ri_tracts240.asc
ncols         294
nrows         417
xllcorner     1968934.229657
yllcorner     2274059.808469
cellsize      240
NODATA_value  -9999
[rows 99 to 131 of 417, columns 146 to 218 of 294]
701300 701400 701200 700300 700300 700400 700400 700400 700600 700600 700600 700600 -9999 -9999 -9999 -9999 -9999 -9999 710400 710400 710502 710502 710502 710502 710502 710502 710502 710501 710501 710501 710501 710501 710501 710501 710501 710501 -9999 -9999 -9999 -9999 -9999 -9999 -9999 -9999 -9999 -9999 -9999 -9999 -9999 -9999 -9999 -9999 -9999 -9999 -9999 -9999 -9999 -9999 -9999 -9999 -9999 -9999 -9999 -9999 -9999 -9999 -9999 -9999 -9999 -9999 -9999 -9999 -9999
701400 701400 700300 700300 700300 700400 700400 700400 700600 700600 700600 700600 700600 -9999 -9999 -9999 -9999 -9999 -9999 710400 710502 710502 710502 710502 710502 710502 710502 710502 710502 710502 710502 710501 710501 710501 710502 710502 710501 -9999 -9999 -9999 -9999 -9999 -9999 -9999 -9999 -9999 -9999 -9999 -9999 -9999 -9999 -9999 -9999 -9999 -9999 -9999 -9999 -9999 -9999 -9999 -9999 -9999 -9999 -9999 -9999 -9999 -9999 -9999 -9999 -9999 -9999 -9999 -9999
701400 701400 700300 700300 700300 700300 700400 700400 700400 700500 700600 700600 700600 700101 -9999 700101 -9999 -9999 -9999 -9999 710502 710502 710502 710502 710502 710502 710502 710502 710502 710502 710502 710502 710502 710502 710502 710502 710502 710502 -9999 -9999 -9999 -9999 -9999 -9999 -9999 -9999 -9999 -9999 -9999 -9999 -9999 -9999 -9999 -9999 -9999 -9999 -9999 -9999 -9999 -9999 -9999 -9999 -9999 -9999 -9999 -9999 -9999 -9999 -9999 -9999 -9999 -9999 -9999
701400 701400 700300 700300 700300 700300 700400 700400 700500 700500 700500 700600 700600 700101 700101 700101 700101 -9999 -9999 -9999 -9999 710502 710502 710502 710502 710502 710502 710502 710502 710502 710502 710502 710502 710502 710502 710502 710502 710502 -9999 -9999 -9999 -9999 -9999 -9999 -9999 -9999 -9999 -9999 -9999 -9999 -9999 -9999 -9999 -9999 -9999 -9999 -9999 -9999 -9999 -9999 -9999 -9999 -9999 -9999 -9999 -9999 -9999 -9999 -9999 -9999 -9999 -9999 -9999
701400 701400 700300 700300 700300 700300 700200 700500 700500 700500 700500 700600 700101 700101 700101 700101 700101 700101 700101 -9999 -9999 -9999 -9999 710502 710502 710502 710502 710502 710502 710502 710502 710502 710502 710502 710502 710502 710502 710502 710502 -9999 -9999 -9999 -9999 -9999 -9999 -9999 -9999 -9999 -9999 -9999 -9999 -9999 -9999 -9999 -9999 -9999 -9999 -9999 -9999 -9999 -9999 -9999 -9999 -9999 -9999 -9999 -9999 -9999 -9999 -9999 -9999 -9999 -9999
701500 701500 701500 700300 700300 700200 700200 700200 700200 700500 700500 700102 700101 700101 700101 700101 700101 700101 700101 700101 -9999 -9999 -9999 -9999 710502 710502 710502 710502 710502 710502 710502 710502 710502 710502 710502 710502 710502 710502 710502 710502 -9999 -9999 -9999 -9999 -9999 -9999 -9999 -9999 -9999 -9999 -9999 -9999 -9999 -9999 -9999 -9999 -9999 -9999 -9999 -9999 -9999 -9999 -9999 -9999 -9999 -9999 -9999 -9999 -9999 -9999 -9999 -9999 -9999
701500 701500 701500 701500 700200 700200 700200 700200 700200 700200 700102 700102 700101 700101 700101 700101 700101 700101 700101 700101 700101 -9999 -9999 -9999 710502 710502 710502 710502 710502 710502 710502 710502 710502 710502 710502 710701 710701 710701 710502 710502 710502 -9999 710502 -9999 -9999 -9999 -9999 -9999 -9999 -9999 -9999 -9999 -9999 -9999 -9999 -9999 -9999 -9999 -9999 -9999 -9999 -9999 -9999 -9999 -9999 -9999 -9999 -9999 -9999 -9999 -9999 -9999 -9999
701500 701500 701500 701500 701500 700200 700200 700200 700200 700102 700102 700102 700102 700101 700101 700101 700101 700101 700101 700101 700101 -9999 -9999 -9999 700101 710502 710502 710502 710502 710502 710502 710502 710701 710701 710701 710701 710701 710701 710701 710701 710502 710502 -9999 130300 130300 130300 130300 -9999 -9999 -9999 -9999 -9999 -9999 -9999 -9999 -9999 -9999 -9999 -9999 -9999 -9999 -9999 -9999 -9999 -9999 -9999 -9999 -9999 -9999 -9999 -9999 -9999 -9999
701500 701500 701500 701500 701500 700200 700200 700200 700102 700102 700102 700102 700102 700101 700101 700101 713500 713500 713500 -9999 -9999 -9999 -9999 -9999 710502 710502 710502 710502 710502 710502 710502 710701 710701 710701 710701 710701 710701 710701 710701 710701 710701 710502 130200 130300 130300 130300 130300 130300 130300 130300 130300 -9999 -9999 -9999 -9999 -9999 -9999 -9999 -9999 -9999 -9999 -9999 -9999 -9999 -9999 -9999 -9999 -9999 -9999 -9999 -9999 -9999 -9999
714100 701500 701500 701500 701500 701500 700200 700200 700102 700102 700102 700102 700102 713500 713500 713500 713500 713500 -9999 -9999 -9999 -9999 -9999 -9999 -9999 -9999 710600 710600 710600 710502 710502 710701 710701 710701 710701 710701 710701 710701 710701 710701 710701 130200 130200 -9999 130300 130300 130300 130300 130300 130300 130300 130300 130300 130300 130300 -9999 -9999 -9999 -9999 -9999 -9999 -9999 -9999 -9999 -9999 -9999 -9999 -9999 -9999 -9999 -9999 -9999 -9999
714100 701500 701500 701500 701500 701500 701500 700102 700102 700102 700102 700102 700102 713500 713500 713500 713500 713500 -9999 -9999 -9999 -9999 -9999 -9999 -9999 -9999 -9999 710600 710600 710600 710600 710701 710701 710701 710701 710701 710701 710701 710701 710701 130200 130200 130200 -9999 130300 130300 130300 -9999 -9999 130300 130300 130300 130300 130300 130300 -9999 130601 130601 -9999 -9999 -9999 -9999 -9999 -9999 -9999 -9999 -9999 -9999 -9999 -9999 -9999 -9999 -9999
714100 714100 701500 701500 701500 713701 713701 700102 700102 700102 700102 700102 700102 700102 713500 713500 713500 713400 -9999 -9999 -9999 -9999 -9999 -9999 -9999 -9999 -9999 710600 710600 710600 710600 710701 710701 710701 710701 710701 710701 710701 710701 710701 130200 130200 130200 -9999 -9999 -9999 130300 -9999 -9999 -9999 130300 130300 130300 130300 130300 -9999 -9999 130601 130601 130601 130601 130601 -9999 -9999 -9999 -9999 -9999 -9999 -9999 -9999 -9999 -9999 -9999
714000 714000 714000 714000 713701 713701 713701 700102 700102 700102 700102 700102 700102 713500 713500 713500 713400 713400 713400 -9999 -9999 -9999 -9999 -9999 -9999 -9999 -9999 710600 710600 710600 710600 710702 710702 710701 710702 710702 710702 710702 710702 130200 130200 130200 130200 -9999 -9999 -9999 -9999 -9999 -9999 -9999 130300 130300 130300 130300 130300 -9999 -9999 -9999 130601 130601 130601 130601 130601 130601 130601 -9999 -9999 -9999 -9999 -9999 -9999 -9999 -9999
714000 714000 714000 714000 714000 713701 713701 700102 700102 700102 700102 700102 713500 713500 713500 713400 713400 713400 713400 713400 -9999 -9999 -9999 -9999 -9999 -9999 -9999 710600 710600 710600 710600 710702 710702 710702 710702 710702 710702 710702 130100 130100 130200 130200 130200 130200 -9999 130300 -9999 -9999 -9999 130300 130300 130300 130300 130300 130300 -9999 -9999 -9999 130601 130601 130601 130601 130601 130601 130601 130601 -9999 -9999 -9999 -9999 -9999 -9999 -9999
714000 714000 714000 714000 713701 713701 713701 700102 700102 700102 700102 700102 713500 713500 713500 713400 713400 713400 713400 713400 -9999 -9999 -9999 -9999 -9999 -9999 -9999 710600 710600 710600 710600 710600 710702 710702 710702 710702 710702 710702 130100 130100 130200 130200 130200 130200 -9999 -9999 130300 130300 130300 130300 130300 130300 130300 130300 130300 -9999 -9999 -9999 130601 130601 130601 130601 130601 130601 130601 130601 130601 -9999 -9999 -9999 -9999 -9999 -9999
714000 713702 713702 713701 713701 713701 713701 713600 713600 713600 700102 700102 713500 713500 713400 713400 713400 713400 713400 713400 -9999 -9999 -9999 -9999 -9999 -9999 -9999 710600 710600 710600 710600 710600 710702 710702 710702 710702 710702 130100 130100 130100 130200 130200 130200 130200 -9999 -9999 130300 130300 130300 130300 130300 130300 130300 130300 130300 130300 -9999 -9999 -9999 130601 130601 130601 130601 130601 130601 130601 130601 130601 -9999 -9999 -9999 -9999 -9999
713702 713702 713702 713701 713701 713701 713701 713600 713600 713600 713600 713600 713600 713600 713400 713400 713400 713400 713400 713400 713400 -9999 -9999 -9999 -9999 -9999 -9999 -9999 -9999 710600 710600 710600 -9999 710702 710702 710702 710702 130100 130100 130100 130100 130200 130200 130200 -9999 -9999 130300 130300 130300 130300 130300 130300 130300 130300 130300 130300 -9999 -9999 -9999 130601 130601 130601 130601 130601 130601 130601 130601 130601 130601 -9999 -9999 -9999 -9999
713702 713702 713702 713701 713701 713701 713701 713600 713600 713600 713600 713600 713600 713600 713600 713400 321000 321000 713400 713400 -9999 713400 -9999 -9999 -9999 -9999 -9999 -9999 -9999 -9999 710600 710600 710600 710702 710702 710702 130100 130100 130100 130100 130100 130200 130200 130200 130200 -9999 130300 130300 130300 130300 130300 130300 130300 130300 130300 130300 -9999 -9999 -9999 -9999 130601 130601 130601 130601 130601 130601 130601 130601 130601 130601 -9999 -9999 -9999
713702 713702 713702 713702 713800 713800 713800 713600 713600 713600 713600 713600 713600 713600 321000 321000 321000 321000 321000 321000 321000 713400 -9999 -9999 -9999 -9999 -9999 -9999 -9999 -9999 710600 710600 710600 710702 710702 130100 130100 130100 130100 130100 130100 130100 130200 130200 130200 130200 -9999 -9999 130300 130300 130300 130300 130300 130300 130300 130300 -9999 -9999 -9999 130601 130601 130601 130601 130601 130601 130601 130601 130601 130601 130601 130601 -9999 -9999
713702 713800 713800 713800 713800 713800 713800 713600 713600 713600 713600 713600 713600 321000 321000 321000 321000 321000 321000 321000 321000 -9999 -9999 -9999 -9999 -9999 -9999 -9999 -9999 -9999 -9999 710600 710600 -9999 710702 130100 130100 130100 130100 130100 130100 130100 130200 130200 130200 130200 130200 -9999 -9999 130300 130300 -9999 130300 130300 130300 130300 130300 -9999 -9999 -9999 130601 130601 130601 130601 130601 130601 130601 130601 130601 130601 130601 130601 130601
713800 713800 713800 713800 713800 713800 713800 713600 713600 713600 713600 713600 321000 321000 321000 321000 321000 321000 321000 321000 321000 321000 -9999 -9999 -9999 -9999 -9999 -9999 -9999 -9999 -9999 710600 -9999 -9999 -9999 130100 130100 130100 130100 130100 130100 130100 130200 130200 130200 130200 130200 130200 -9999 -9999 -9999 -9999 -9999 -9999 130300 130300 -9999 130500 -9999 -9999 130601 130601 130601 130601 130601 130601 130601 130601 130601 130601 130601 130601 130601
713800 713800 713800 713800 713800 713800 713800 713600 713600 321100 321100 321000 321000 321000 321000 321000 321000 321000 321000 321000 321000 321000 -9999 -9999 -9999 -9999 -9999 -9999 -9999 -9999 -9999 710600 710600 -9999 -9999 130100 130100 130100 130100 130100 130100 130100 130200 130200 130200 130200 130200 130200 130200 130200 130200 130200 130200 130200 -9999 130300 -9999 130500 130500 130500 -9999 130601 130601 130601 130601 130601 130601 130601 130601 130601 130601 130601 130601
713900 713800 713800 713800 713800 713800 713800 713800 713600 321100 321100 321000 321000 321000 321000 321000 321000 321000 321000 321000 321000 321000 321000 321000 -9999 -9999 -9999 -9999 -9999 -9999 -9999 -9999 710600 -9999 -9999 130100 -9999 130100 130100 130100 130100 130100 130200 130200 130200 130200 130200 130200 130200 130200 130200 130200 130400 130400 130400 -9999 130300 -9999 130500 130500 130500 130500 130500 130500 130601 130601 130601 130601 130601 130601 130601 130601 130601
713900 713900 713800 713800 713800 713800 713800 321100 321100 321100 321100 321000 321000 321000 321200 321200 321200 321000 321000 321000 321000 321000 321000 321000 -9999 -9999 -9999 -9999 -9999 -9999 -9999 -9999 -9999 710600 -9999 130100 130100 130100 130100 130100 130100 130100 130100 130200 130200 130200 130200 130200 130400 130400 130400 130400 130400 130400 130400 -9999 -9999 -9999 130500 130500 130500 130500 130500 130500 130602 130602 130602 130601 130601 130601 130601 130601 130601
713900 713900 713900 713800 713800 321100 321100 321100 321100 321100 321100 321000 321000 321000 321200 321200 321200 321000 321000 321000 321300 321300 321300 321300 321300 -9999 -9999 -9999 -9999 -9999 -9999 -9999 -9999 -9999 -9999 -9999 -9999 130100 130100 130100 130100 130100 130100 130200 130400 130400 130400 130400 130400 130400 130400 130400 130400 130400 130400 130400 130400 130400 -9999 130500 130500 130500 130500 130500 130500 130602 130602 130601 130601 130601 130601 130601 130601
713900 713900 713900 713900 321100 321100 321100 321100 321100 321100 321100 321000 321000 321200 321200 321200 321200 321000 321000 321300 321300 321300 321300 321300 -9999 -9999 -9999 -9999 -9999 -9999 -9999 -9999 -9999 -9999 -9999 -9999 -9999 130100 130100 130100 130100 130100 130100 130200 130400 130400 130400 130400 130400 130400 130400 130400 130400 130400 130400 130400 130400 130400 -9999 130500 130500 130500 130602 130602 130602 130602 130602 -9999 -9999 -9999 130601 130601 130601
713900 713900 713900 713900 321100 321100 321100 321100 321100 321100 321100 321100 321200 321200 321200 321200 321200 321300 321300 321300 321300 321300 321300 -9999 321300 321300 321300 -9999 -9999 -9999 -9999 -9999 -9999 -9999 -9999 -9999 -9999 -9999 -9999 130100 130100 130100 130100 130200 130400 130400 130400 130400 130400 130400 130400 130400 130400 130400 130400 130400 130400 130400 -9999 -9999 130500 130602 130602 130602 130602 130602 130602 130602 -9999 -9999 130601 130601 130601
713900 713900 713900 713900 713900 321100 321100 321100 321100 321100 321100 321100 321200 321200 321200 321200 321200 321300 321300 321300 321300 321300 321300 321300 321300 321300 -9999 -9999 -9999 -9999 -9999 -9999 -9999 -9999 -9999 -9999 -9999 -9999 -9999 -9999 130100 130100 130200 130200 130400 130400 130400 130400 130400 130400 130400 130400 130400 130400 130400 130400 130400 130400 -9999 -9999 130602 130602 130602 130602 130602 130602 130602 130602 130602 -9999 -9999 -9999 -9999
713900 713900 713900 713900 321100 321100 321100 321100 321100 321100 321100 321200 321200 321200 321200 321200 321200 321300 321300 321300 321300 321300 321300 321300 321300 321300 -9999 -9999 -9999 -9999 -9999 -9999 -9999 -9999 -9999 -9999 -9999 -9999 -9999 -9999 130100 130400 130400 130400 130400 130400 130400 130400 130400 130400 130400 130400 130400 130400 130400 130400 130400 130400 -9999 -9999 130602 130602 130602 130602 130602 130602 130602 130602 130602 130602 -9999 -9999 -9999
714200 713900 713900 321100 321100 321100 321100 321100 321100 321100 321200 321200 321200 321200 321200 321200 321200 321300 321300 321300 321300 321300 321300 321300 321300 -9999 -9999 -9999 -9999 -9999 -9999 -9999 -9999 -9999 -9999 -9999 -9999 -9999 -9999 -9999 -9999 130400 130400 130400 130400 130400 130400 130400 130400 130400 130400 130400 130400 130400 130400 130400 -9999 130400 -9999 -9999 -9999 130602 130602 130602 130602 130602 130602 130602 130602 130901 130901 -9999 -9999
714200 714200 714200 321100 321100 321100 321100 321100 321100 321100 321100 321100 321200 321200 321200 321200 321200 321300 321300 321300 321300 321300 321300 321300 -9999 -9999 -9999 -9999 -9999 -9999 -9999 -9999 -9999 -9999 -9999 -9999 -9999 -9999 -9999 -9999 -9999 130400 130400 130400 -9999 -9999 -9999 -9999 -9999 -9999 -9999 -9999 -9999 130400 130400 130400 -9999 130400 -9999 -9999 -9999 130602 130602 130602 130602 130602 130602 130901 130901 130901 130901 130901 -9999
714200 714200 714200 714200 321100 321100 321100 321100 321100 321100 321100 321100 321100 321100 321200 321200 321200 321300 321300 321300 321300 321300 321300 321300 -9999 -9999 -9999 -9999 -9999 -9999 -9999 -9999 -9999 -9999 -9999 -9999 -9999 -9999 -9999 -9999 -9999 -9999 -9999 -9999 -9999 -9999 -9999 -9999 -9999 -9999 -9999 -9999 -9999 -9999 130400 130400 -9999 -9999 -9999 -9999 130602 130602 130602 130602 130902 130902 130902 130902 130901 130901 130901 130901 130901
714200 714200 714200 714200 714200 321100 321100 321100 321100 321100 321100 321100 321100 321100 321200 321100 321100 321100 321300 321300 321300 321300 321300 321300 -9999 321300 -9999 -9999 -9999 -9999 -9999 -9999 -9999 -9999 -9999 -9999 -9999 -9999 -9999 -9999 -9999 -9999 -9999 -9999 -9999 -9999 -9999 -9999 -9999 -9999 -9999 -9999 -9999 -9999 130400 130400 -9999 -9999 -9999 130602 130602 130602 130902 130902 130902 130902 130902 130902 130901 130901 130901 130901 130901
