PopulationRealizer/Research GIS Kernel/test-files/TestDEM.asc
ncols         70
nrows         94
xllcorner     236204.550516
yllcorner     3817116.446652
cellsize      30.0
[rows 38 to 75 of 94, columns 0 to 69 of 70]
202.0 195.0 184.0 183.0 180.0 182.0 192.0 199.0 206.0 212.0 218.0 225.0 233.0 238.0 242.0 248.0 246.0 244.0 239.0 234.0 226.0 216.0 222.0 227.0 222.0 204.0 189.0 203.0 221.0 233.0 242.0 254.0 259.0 259.0 260.0 256.0 251.0 246.0 242.0 243.0 248.0 247.0 239.0 232.0 230.0 227.0 227.0 225.0 222.0 214.0 201.0 182.0 171.0 171.0 172.0 163.0 170.0 188.0 198.0 208.0 214.0 218.0 221.0 216.0 214.0 222.0 220.0 220.0 231.0 232.0
189.0 182.0 170.0 174.0 181.0 189.0 198.0 204.0 210.0 215.0 222.0 229.0 236.0 238.0 241.0 243.0 236.0 231.0 226.0 217.0 214.0 201.0 200.0 211.0 214.0 195.0 180.0 196.0 210.0 222.0 235.0 253.0 258.0 256.0 254.0 249.0 243.0 237.0 230.0 230.0 238.0 238.0 235.0 228.0 221.0 216.0 214.0 210.0 208.0 202.0 192.0 180.0 167.0 160.0 157.0 149.0 170.0 190.0 199.0 202.0 203.0 205.0 208.0 210.0 210.0 213.0 216.0 221.0 231.0 231.0
175.0 166.0 170.0 178.0 183.0 190.0 197.0 202.0 209.0 216.0 223.0 229.0 235.0 236.0 236.0 234.0 227.0 218.0 209.0 202.0 199.0 189.0 189.0 196.0 195.0 181.0 174.0 193.0 209.0 222.0 233.0 242.0 243.0 250.0 257.0 256.0 248.0 239.0 230.0 226.0 226.0 228.0 228.0 224.0 218.0 211.0 207.0 201.0 195.0 192.0 187.0 176.0 164.0 154.0 149.0 154.0 169.0 183.0 192.0 199.0 204.0 208.0 211.0 212.0 212.0 214.0 217.0 220.0 227.0 230.0
162.0 151.0 171.0 183.0 186.0 192.0 196.0 201.0 208.0 217.0 225.0 229.0 234.0 235.0 231.0 226.0 218.0 205.0 193.0 187.0 185.0 177.0 178.0 181.0 177.0 167.0 169.0 190.0 208.0 222.0 232.0 232.0 228.0 244.0 260.0 263.0 253.0 241.0 230.0 223.0 215.0 218.0 221.0 220.0 216.0 206.0 201.0 192.0 183.0 183.0 182.0 173.0 162.0 148.0 141.0 159.0 169.0 177.0 185.0 197.0 206.0 212.0 214.0 214.0 215.0 216.0 218.0 219.0 224.0 229.0
159.0 162.0 175.0 180.0 187.0 198.0 204.0 207.0 210.0 213.0 217.0 216.0 225.0 230.0 227.0 222.0 215.0 205.0 196.0 191.0 187.0 175.0 171.0 171.0 166.0 163.0 171.0 186.0 197.0 207.0 217.0 219.0 220.0 234.0 248.0 252.0 247.0 241.0 236.0 229.0 215.0 207.0 212.0 217.0 213.0 203.0 198.0 190.0 175.0 168.0 171.0 162.0 154.0 139.0 136.0 154.0 164.0 171.0 180.0 193.0 204.0 212.0 215.0 217.0 221.0 224.0 228.0 229.0 229.0 226.0
157.0 174.0 180.0 178.0 189.0 204.0 213.0 214.0 212.0 210.0 209.0 203.0 217.0 225.0 224.0 219.0 212.0 205.0 200.0 196.0 190.0 174.0 165.0 162.0 155.0 159.0 173.0 182.0 187.0 192.0 203.0 206.0 212.0 224.0 236.0 241.0 242.0 242.0 243.0 235.0 216.0 197.0 203.0 214.0 210.0 201.0 195.0 188.0 167.0 153.0 160.0 152.0 147.0 131.0 132.0 149.0 159.0 166.0 175.0 189.0 203.0 212.0 217.0 221.0 228.0 233.0 238.0 240.0 235.0 223.0
158.0 172.0 182.0 184.0 191.0 200.0 204.0 202.0 196.0 196.0 196.0 198.0 212.0 218.0 220.0 221.0 220.0 217.0 213.0 207.0 199.0 184.0 172.0 162.0 150.0 149.0 161.0 170.0 175.0 179.0 189.0 192.0 198.0 211.0 223.0 227.0 228.0 229.0 234.0 233.0 219.0 204.0 199.0 202.0 202.0 194.0 186.0 179.0 162.0 147.0 141.0 135.0 128.0 117.0 127.0 146.0 159.0 169.0 179.0 189.0 198.0 205.0 211.0 217.0 224.0 229.0 238.0 244.0 241.0 231.0
160.0 170.0 184.0 191.0 194.0 197.0 196.0 190.0 181.0 182.0 184.0 194.0 207.0 212.0 217.0 224.0 228.0 229.0 226.0 219.0 209.0 195.0 180.0 163.0 145.0 140.0 150.0 158.0 164.0 167.0 175.0 179.0 184.0 198.0 210.0 213.0 215.0 217.0 226.0 231.0 222.0 212.0 196.0 190.0 195.0 188.0 178.0 171.0 157.0 141.0 123.0 119.0 110.0 103.0 123.0 144.0 160.0 172.0 184.0 190.0 193.0 199.0 206.0 214.0 220.0 226.0 238.0 249.0 248.0 239.0
163.0 173.0 184.0 189.0 189.0 188.0 182.0 177.0 174.0 179.0 185.0 193.0 203.0 209.0 213.0 219.0 223.0 220.0 211.0 196.0 190.0 184.0 177.0 166.0 152.0 146.0 146.0 144.0 148.0 159.0 169.0 175.0 181.0 190.0 198.0 195.0 197.0 201.0 210.0 219.0 217.0 211.0 196.0 184.0 183.0 179.0 167.0 161.0 151.0 139.0 122.0 111.0 108.0 109.0 124.0 140.0 154.0 162.0 169.0 175.0 179.0 185.0 192.0 201.0 209.0 219.0 233.0 243.0 246.0 238.0
166.0 176.0 184.0 187.0 184.0 179.0 169.0 164.0 167.0 176.0 186.0 193.0 200.0 207.0 210.0 214.0 218.0 212.0 196.0 174.0 171.0 174.0 175.0 170.0 159.0 153.0 143.0 131.0 133.0 151.0 164.0 172.0 179.0 183.0 186.0 177.0 179.0 185.0 195.0 208.0 212.0 210.0 197.0 179.0 171.0 170.0 156.0 151.0 146.0 137.0 121.0 104.0 106.0 116.0 126.0 136.0 148.0 152.0 155.0 160.0 166.0 171.0 179.0 189.0 199.0 213.0 228.0 238.0 244.0 238.0
169.0 174.0 176.0 177.0 175.0 171.0 161.0 162.0 164.0 167.0 174.0 182.0 190.0 197.0 202.0 210.0 217.0 214.0 198.0 177.0 167.0 163.0 164.0 160.0 153.0 146.0 132.0 127.0 137.0 152.0 163.0 169.0 177.0 183.0 186.0 173.0 161.0 167.0 178.0 188.0 192.0 194.0 191.0 179.0 166.0 161.0 151.0 149.0 141.0 131.0 117.0 102.0 106.0 115.0 123.0 133.0 142.0 148.0 153.0 160.0 168.0 175.0 184.0 196.0 206.0 216.0 230.0 235.0 233.0 222.0
172.0 172.0 168.0 167.0 167.0 163.0 154.0 160.0 161.0 158.0 163.0 171.0 181.0 187.0 195.0 206.0 216.0 216.0 200.0 180.0 164.0 153.0 153.0 151.0 148.0 140.0 122.0 124.0 141.0 154.0 162.0 166.0 175.0 183.0 186.0 169.0 143.0 149.0 161.0 168.0 173.0 179.0 186.0 179.0 161.0 153.0 147.0 147.0 137.0 126.0 113.0 101.0 106.0 115.0 121.0 130.0 137.0 144.0 151.0 160.0 170.0 180.0 190.0 203.0 213.0 220.0 233.0 233.0 223.0 206.0
161.0 160.0 155.0 153.0 158.0 159.0 157.0 163.0 164.0 163.0 168.0 175.0 184.0 192.0 198.0 207.0 219.0 220.0 206.0 190.0 174.0 163.0 159.0 155.0 148.0 137.0 120.0 120.0 135.0 146.0 155.0 163.0 173.0 182.0 185.0 171.0 153.0 148.0 149.0 159.0 158.0 166.0 177.0 175.0 160.0 149.0 139.0 136.0 137.0 130.0 115.0 102.0 100.0 110.0 120.0 130.0 139.0 149.0 158.0 172.0 184.0 193.0 200.0 208.0 214.0 218.0 225.0 229.0 225.0 212.0
151.0 149.0 143.0 139.0 149.0 156.0 160.0 166.0 168.0 169.0 174.0 179.0 188.0 197.0 201.0 209.0 222.0 225.0 213.0 200.0 184.0 173.0 165.0 159.0 149.0 135.0 119.0 117.0 129.0 138.0 149.0 161.0 172.0 182.0 185.0 174.0 164.0 147.0 137.0 150.0 143.0 154.0 169.0 172.0 159.0 146.0 132.0 126.0 138.0 135.0 118.0 103.0 94.0 106.0 120.0 131.0 142.0 154.0 166.0 184.0 199.0 207.0 210.0 213.0 215.0 216.0 218.0 226.0 227.0 219.0
145.0 146.0 147.0 149.0 158.0 164.0 169.0 172.0 178.0 184.0 188.0 191.0 198.0 207.0 210.0 213.0 215.0 212.0 206.0 202.0 195.0 186.0 175.0 168.0 157.0 141.0 125.0 118.0 121.0 127.0 138.0 145.0 153.0 163.0 170.0 170.0 171.0 161.0 149.0 147.0 134.0 141.0 149.0 152.0 150.0 148.0 139.0 126.0 122.0 124.0 115.0 99.0 95.0 107.0 119.0 132.0 144.0 158.0 171.0 188.0 199.0 199.0 198.0 199.0 197.0 200.0 207.0 218.0 224.0 214.0
140.0 144.0 152.0 160.0 168.0 173.0 178.0 179.0 189.0 199.0 203.0 204.0 209.0 218.0 220.0 217.0 208.0 199.0 199.0 205.0 206.0 199.0 186.0 178.0 165.0 147.0 131.0 120.0 114.0 117.0 127.0 130.0 134.0 145.0 155.0 166.0 178.0 175.0 162.0 144.0 125.0 128.0 129.0 133.0 142.0 151.0 147.0 127.0 106.0 113.0 112.0 95.0 97.0 108.0 119.0 133.0 147.0 163.0 177.0 193.0 200.0 192.0 187.0 186.0 179.0 184.0 196.0 210.0 222.0 209.0
142.0 152.0 160.0 167.0 175.0 181.0 189.0 191.0 197.0 205.0 211.0 211.0 212.0 214.0 209.0 204.0 198.0 188.0 184.0 191.0 194.0 188.0 182.0 176.0 166.0 152.0 135.0 120.0 110.0 111.0 119.0 125.0 131.0 143.0 153.0 162.0 174.0 175.0 168.0 156.0 141.0 137.0 131.0 125.0 130.0 134.0 134.0 128.0 115.0 112.0 106.0 92.0 94.0 111.0 127.0 143.0 160.0 176.0 179.0 184.0 186.0 181.0 176.0 173.0 170.0 181.0 196.0 212.0 223.0 208.0
145.0 160.0 168.0 175.0 182.0 190.0 200.0 204.0 205.0 212.0 220.0 218.0 216.0 210.0 199.0 192.0 188.0 177.0 169.0 178.0 182.0 177.0 179.0 175.0 168.0 158.0 139.0 121.0 106.0 106.0 112.0 120.0 129.0 141.0 151.0 158.0 170.0 176.0 175.0 169.0 158.0 147.0 134.0 118.0 118.0 117.0 122.0 130.0 125.0 112.0 101.0 90.0 92.0 115.0 135.0 154.0 173.0 189.0 182.0 176.0 173.0 170.0 166.0 160.0 161.0 179.0 197.0 214.0 224.0 208.0
144.0 153.0 159.0 166.0 175.0 183.0 194.0 203.0 211.0 215.0 220.0 221.0 214.0 203.0 189.0 180.0 174.0 165.0 157.0 164.0 167.0 165.0 167.0 163.0 157.0 149.0 135.0 122.0 110.0 104.0 106.0 117.0 128.0 140.0 152.0 161.0 173.0 180.0 183.0 177.0 167.0 156.0 140.0 124.0 119.0 111.0 111.0 118.0 116.0 107.0 96.0 90.0 98.0 115.0 131.0 146.0 162.0 173.0 168.0 162.0 157.0 154.0 156.0 159.0 163.0 177.0 193.0 209.0 220.0 216.0
143.0 147.0 150.0 158.0 168.0 176.0 188.0 203.0 218.0 218.0 220.0 224.0 213.0 196.0 180.0 169.0 160.0 153.0 146.0 150.0 153.0 154.0 156.0 152.0 147.0 140.0 132.0 123.0 114.0 102.0 100.0 115.0 127.0 140.0 153.0 165.0 177.0 185.0 191.0 185.0 177.0 166.0 147.0 131.0 120.0 105.0 101.0 106.0 107.0 103.0 92.0 91.0 104.0 116.0 127.0 138.0 151.0 157.0 155.0 149.0 141.0 139.0 147.0 158.0 165.0 175.0 190.0 205.0 217.0 224.0
143.0 149.0 155.0 163.0 173.0 183.0 196.0 206.0 212.0 207.0 209.0 216.0 209.0 199.0 182.0 169.0 159.0 150.0 142.0 142.0 142.0 142.0 142.0 140.0 137.0 134.0 129.0 122.0 114.0 103.0 100.0 109.0 117.0 126.0 135.0 145.0 156.0 164.0 170.0 172.0 173.0 169.0 156.0 147.0 134.0 118.0 108.0 103.0 99.0 94.0 90.0 93.0 104.0 115.0 124.0 130.0 138.0 140.0 138.0 136.0 132.0 137.0 151.0 166.0 179.0 192.0 205.0 214.0 219.0 223.0
143.0 152.0 160.0 168.0 178.0 191.0 204.0 210.0 206.0 196.0 199.0 209.0 206.0 203.0 185.0 170.0 158.0 147.0 139.0 134.0 132.0 130.0 129.0 128.0 128.0 129.0 126.0 121.0 115.0 104.0 100.0 104.0 108.0 112.0 117.0 125.0 136.0 143.0 149.0 160.0 170.0 173.0 166.0 163.0 149.0 132.0 115.0 101.0 91.0 86.0 89.0 96.0 105.0 115.0 121.0 122.0 125.0 124.0 122.0 123.0 123.0 136.0 155.0 175.0 193.0 210.0 221.0 224.0 221.0 222.0
141.0 151.0 161.0 171.0 181.0 193.0 197.0 199.0 199.0 191.0 192.0 197.0 199.0 202.0 194.0 182.0 168.0 154.0 144.0 141.0 136.0 129.0 130.0 129.0 125.0 123.0 120.0 117.0 111.0 102.0 100.0 104.0 108.0 111.0 116.0 123.0 132.0 137.0 143.0 157.0 168.0 166.0 153.0 145.0 136.0 126.0 114.0 104.0 96.0 89.0 87.0 92.0 98.0 105.0 110.0 111.0 113.0 114.0 116.0 122.0 128.0 140.0 158.0 175.0 192.0 205.0 212.0 211.0 206.0 211.0
140.0 151.0 163.0 174.0 184.0 195.0 191.0 189.0 192.0 187.0 186.0 186.0 192.0 201.0 204.0 195.0 178.0 161.0 149.0 148.0 140.0 128.0 132.0 131.0 123.0 117.0 114.0 113.0 107.0 101.0 101.0 105.0 108.0 111.0 116.0 122.0 128.0 132.0 138.0 154.0 167.0 160.0 141.0 127.0 123.0 121.0 114.0 107.0 101.0 92.0 85.0 88.0 92.0 96.0 99.0 100.0 102.0 104.0 111.0 122.0 134.0 145.0 161.0 176.0 191.0 201.0 204.0 198.0 191.0 201.0
138.0 151.0 165.0 179.0 186.0 190.0 186.0 186.0 189.0 186.0 185.0 187.0 191.0 195.0 197.0 193.0 181.0 169.0 161.0 156.0 146.0 142.0 143.0 137.0 128.0 120.0 121.0 120.0 112.0 104.0 101.0 102.0 102.0 106.0 110.0 115.0 121.0 127.0 135.0 147.0 157.0 153.0 138.0 124.0 117.0 112.0 107.0 100.0 92.0 88.0 88.0 91.0 94.0 98.0 101.0 104.0 109.0 112.0 119.0 129.0 140.0 150.0 164.0 179.0 193.0 198.0 195.0 185.0 182.0 194.0
136.0 151.0 168.0 184.0 188.0 185.0 182.0 184.0 187.0 186.0 185.0 189.0 190.0 190.0 191.0 192.0 184.0 178.0 174.0 165.0 153.0 157.0 154.0 144.0 134.0 124.0 128.0 127.0 118.0 108.0 102.0 100.0 96.0 102.0 105.0 108.0 114.0 123.0 133.0 141.0 148.0 146.0 136.0 122.0 112.0 103.0 100.0 94.0 84.0 84.0 91.0 94.0 97.0 100.0 104.0 108.0 116.0 121.0 128.0 137.0 146.0 155.0 168.0 183.0 195.0 195.0 187.0 172.0 174.0 187.0
147.0 160.0 169.0 178.0 182.0 184.0 183.0 185.0 185.0 185.0 186.0 189.0 190.0 190.0 191.0 192.0 190.0 189.0 184.0 173.0 166.0 167.0 160.0 147.0 139.0 136.0 140.0 137.0 127.0 115.0 105.0 97.0 92.0 99.0 102.0 104.0 108.0 117.0 128.0 135.0 139.0 136.0 128.0 116.0 107.0 100.0 96.0 90.0 82.0 82.0 92.0 99.0 105.0 109.0 113.0 118.0 126.0 133.0 143.0 154.0 164.0 171.0 177.0 181.0 189.0 189.0 179.0 166.0 167.0 180.0
159.0 170.0 170.0 172.0 177.0 183.0 185.0 187.0 184.0 185.0 188.0 189.0 190.0 191.0 191.0 192.0 197.0 200.0 194.0 182.0 180.0 178.0 166.0 150.0 144.0 148.0 153.0 148.0 136.0 122.0 108.0 95.0 89.0 96.0 99.0 101.0 103.0 111.0 123.0 129.0 130.0 127.0 120.0 111.0 102.0 98.0 93.0 87.0 81.0 81.0 93.0 104.0 113.0 119.0 123.0 129.0 137.0 146.0 159.0 172.0 182.0 187.0 186.0 180.0 184.0 183.0 172.0 161.0 161.0 174.0
159.0 163.0 160.0 163.0 169.0 174.0 178.0 181.0 181.0 185.0 188.0 189.0 189.0 190.0 191.0 193.0 195.0 197.0 195.0 191.0 191.0 186.0 174.0 160.0 159.0 161.0 160.0 150.0 136.0 123.0 111.0 101.0 95.0 94.0 94.0 96.0 100.0 108.0 115.0 116.0 123.0 123.0 117.0 108.0 100.0 96.0 91.0 85.0 78.0 82.0 93.0 103.0 111.0 118.0 124.0 131.0 140.0 151.0 161.0 174.0 184.0 183.0 176.0 170.0 177.0 179.0 168.0 156.0 156.0 167.0
160.0 157.0 150.0 154.0 161.0 166.0 171.0 176.0 179.0 185.0 188.0 189.0 189.0 189.0 192.0 194.0 194.0 194.0 196.0 201.0 203.0 195.0 182.0 171.0 174.0 174.0 168.0 153.0 136.0 124.0 114.0 108.0 102.0 92.0 89.0 92.0 98.0 105.0 107.0 103.0 117.0 120.0 114.0 105.0 99.0 95.0 90.0 83.0 76.0 83.0 93.0 102.0 110.0 117.0 125.0 134.0 144.0 156.0 164.0 176.0 187.0 180.0 166.0 161.0 171.0 175.0 165.0 151.0 152.0 160.0
142.0 142.0 142.0 150.0 157.0 163.0 168.0 174.0 179.0 185.0 188.0 190.0 190.0 190.0 191.0 191.0 189.0 185.0 189.0 197.0 201.0 199.0 192.0 184.0 181.0 176.0 167.0 154.0 138.0 126.0 116.0 110.0 103.0 94.0 91.0 93.0 96.0 99.0 99.0 97.0 105.0 108.0 108.0 104.0 96.0 90.0 86.0 81.0 75.0 80.0 89.0 96.0 103.0 109.0 116.0 125.0 134.0 145.0 154.0 166.0 174.0 166.0 154.0 153.0 164.0 170.0 163.0 152.0 148.0 148.0
125.0 128.0 135.0 146.0 154.0 160.0 165.0 172.0 179.0 186.0 189.0 192.0 192.0 192.0 191.0 188.0 185.0 176.0 183.0 193.0 199.0 203.0 202.0 197.0 189.0 179.0 167.0 155.0 141.0 129.0 119.0 112.0 105.0 97.0 93.0 94.0 94.0 93.0 92.0 92.0 93.0 96.0 102.0 103.0 93.0 86.0 82.0 79.0 74.0 78.0 86.0 91.0 96.0 101.0 107.0 116.0 125.0 135.0 144.0 156.0 161.0 152.0 142.0 145.0 157.0 166.0 162.0 154.0 144.0 137.0
121.0 125.0 131.0 139.0 148.0 155.0 160.0 168.0 176.0 184.0 189.0 194.0 192.0 191.0 189.0 185.0 182.0 175.0 180.0 188.0 194.0 199.0 200.0 196.0 188.0 177.0 166.0 158.0 148.0 138.0 129.0 121.0 112.0 103.0 96.0 94.0 93.0 90.0 89.0 89.0 89.0 91.0 96.0 99.0 90.0 84.0 81.0 79.0 76.0 76.0 85.0 91.0 95.0 98.0 103.0 111.0 120.0 131.0 142.0 151.0 149.0 141.0 134.0 141.0 151.0 157.0 154.0 146.0 136.0 137.0
118.0 123.0 127.0 133.0 143.0 150.0 156.0 164.0 174.0 182.0 190.0 196.0 192.0 190.0 187.0 183.0 179.0 175.0 178.0 184.0 190.0 195.0 198.0 195.0 187.0 175.0 166.0 161.0 155.0 148.0 139.0 130.0 119.0 109.0 100.0 95.0 92.0 88.0 87.0 86.0 85.0 86.0 91.0 95.0 88.0 83.0 81.0 80.0 79.0 75.0 84.0 91.0 94.0 96.0 99.0 106.0 115.0 127.0 141.0 147.0 137.0 131.0 126.0 137.0 145.0 149.0 146.0 138.0 129.0 138.0
109.0 114.0 119.0 127.0 137.0 144.0 149.0 157.0 167.0 176.0 183.0 190.0 188.0 186.0 185.0 180.0 172.0 166.0 174.0 182.0 187.0 190.0 192.0 190.0 183.0 170.0 157.0 145.0 139.0 137.0 131.0 123.0 113.0 105.0 100.0 100.0 95.0 90.0 88.0 83.0 82.0 83.0 86.0 89.0 85.0 81.0 77.0 75.0 78.0 81.0 90.0 98.0 102.0 105.0 109.0 115.0 123.0 133.0 145.0 143.0 130.0 122.0 122.0 128.0 133.0 135.0 134.0 131.0 129.0 139.0
101.0 105.0 112.0 122.0 132.0 138.0 142.0 150.0 160.0 170.0 177.0 184.0 185.0 182.0 183.0 177.0 165.0 158.0 171.0 180.0 184.0 185.0 186.0 186.0 180.0 166.0 148.0 130.0 124.0 126.0 123.0 117.0 108.0 101.0 100.0 105.0 99.0 93.0 89.0 81.0 79.0 81.0 82.0 84.0 83.0 80.0 73.0 70.0 78.0 88.0 97.0 105.0 110.0 115.0 119.0 125.0 131.0 140.0 150.0 140.0 124.0 114.0 118.0 120.0 121.0 121.0 122.0 124.0 130.0 141.0
101.0 108.0 116.0 124.0 134.0 141.0 146.0 153.0 160.0 170.0 175.0 177.0 176.0 170.0 166.0 166.0 158.0 146.0 155.0 167.0 173.0 173.0 178.0 182.0 180.0 172.0 158.0 142.0 131.0 126.0 120.0 115.0 108.0 104.0 104.0 109.0 107.0 103.0 99.0 89.0 82.0 79.0 82.0 82.0 81.0 78.0 70.0 72.0 83.0 93.0 102.0 111.0 120.0 127.0 132.0 135.0 136.0 138.0 139.0 130.0 118.0 110.0 112.0 114.0 115.0 117.0 121.0 128.0 137.0 152.0
102.0 112.0 120.0 126.0 136.0 144.0 151.0 157.0 161.0 171.0 173.0 171.0 167.0 158.0 150.0 155.0 151.0 135.0 140.0 154.0 163.0 162.0 171.0 178.0 181.0 179.0 168.0 154.0 139.0 126.0 118.0 113.0 109.0 108.0 109.0 114.0 115.0 114.0 110.0 98.0 85.0 77.0 83.0 81.0 80.0 76.0 67.0 75.0 88.0 99.0 108.0 118.0 130.0 139.0 145.0 145.0 141.0 136.0 128.0 121.0 113.0 107.0 107.0 108.0 109.0 113.0 121.0 132.0 145.0 164.0
