PopulationRealizer/Research GIS Kernel/test-files/TestDEM.asc
ncols         70
nrows         94
xllcorner     236204.550516
yllcorner     3817116.446652
cellsize      30.0
[rows 0 to 37 of 94, columns 0 to 69 of 70]
478.0 477.0 477.0 471.0 466.0 461.0 455.0 439.0 426.0 418.0 413.0 426.0 435.0 447.0 461.0 471.0 480.0 489.0 494.0 490.0 483.0 479.0 478.0 468.0 442.0 454.0 476.0 489.0 500.0 510.0 523.0 539.0 551.0 565.0 583.0 601.0 616.0 626.0 629.0 631.0 636.0 642.0 643.0 641.0 634.0 630.0 626.0 626.0 628.0 627.0 627.0 625.0 621.0 615.0 608.0 600.0 590.0 581.0 569.0 556.0 549.0 545.0 550.0 558.0 564.0 566.0 562.0 548.0 527.0 528.0
463.0 460.0 460.0 450.0 445.0 443.0 439.0 429.0 419.0 401.0 387.0 410.0 433.0 451.0 460.0 462.0 463.0 466.0 467.0 464.0 459.0 459.0 468.0 463.0 435.0 441.0 464.0 475.0 483.0 490.0 502.0 522.0 541.0 560.0 579.0 596.0 612.0 619.0 622.0 625.0 631.0 640.0 643.0 641.0 633.0 629.0 630.0 633.0 636.0 637.0 637.0 637.0 635.0 632.0 625.0 614.0 601.0 591.0 579.0 568.0 552.0 535.0 538.0 544.0 550.0 554.0 552.0 544.0 523.0 526.0
452.0 449.0 449.0 436.0 428.0 422.0 418.0 415.0 410.0 390.0 380.0 403.0 421.0 434.0 441.0 447.0 446.0 442.0 442.0 441.0 437.0 437.0 447.0 447.0 424.0 423.0 447.0 459.0 466.0 477.0 491.0 510.0 528.0 546.0 566.0 584.0 598.0 606.0 610.0 615.0 623.0 629.0 628.0 625.0 620.0 618.0 619.0 625.0 630.0 635.0 636.0 637.0 637.0 635.0 630.0 619.0 607.0 593.0 581.0 570.0 557.0 542.0 538.0 535.0 537.0 548.0 547.0 539.0 523.0 530.0
442.0 438.0 439.0 423.0 411.0 402.0 397.0 401.0 402.0 379.0 373.0 397.0 409.0 417.0 422.0 433.0 430.0 419.0 417.0 418.0 416.0 416.0 427.0 431.0 414.0 406.0 431.0 443.0 449.0 464.0 480.0 499.0 516.0 533.0 553.0 572.0 584.0 593.0 599.0 605.0 615.0 619.0 614.0 609.0 608.0 608.0 609.0 617.0 625.0 633.0 636.0 638.0 639.0 639.0 635.0 624.0 613.0 595.0 583.0 573.0 563.0 550.0 538.0 526.0 525.0 543.0 542.0 534.0 524.0 535.0
431.0 422.0 426.0 416.0 408.0 399.0 385.0 385.0 386.0 371.0 370.0 396.0 406.0 411.0 414.0 418.0 412.0 401.0 400.0 406.0 403.0 401.0 408.0 411.0 401.0 392.0 411.0 430.0 442.0 460.0 477.0 495.0 510.0 526.0 543.0 558.0 567.0 573.0 578.0 587.0 597.0 599.0 592.0 586.0 585.0 590.0 596.0 604.0 609.0 615.0 618.0 621.0 622.0 622.0 620.0 615.0 606.0 590.0 580.0 572.0 563.0 551.0 540.0 529.0 525.0 534.0 530.0 524.0 519.0 527.0
421.0 407.0 413.0 410.0 406.0 396.0 373.0 370.0 371.0 363.0 368.0 396.0 404.0 406.0 407.0 403.0 395.0 383.0 383.0 395.0 391.0 386.0 390.0 391.0 388.0 378.0 392.0 417.0 435.0 456.0 475.0 492.0 505.0 519.0 534.0 545.0 550.0 554.0 558.0 570.0 580.0 579.0 570.0 563.0 563.0 573.0 584.0 591.0 594.0 597.0 601.0 604.0 606.0 606.0 606.0 606.0 599.0 586.0 578.0 571.0 563.0 552.0 543.0 533.0 525.0 525.0 518.0 515.0 514.0 519.0
408.0 399.0 400.0 398.0 400.0 390.0 370.0 361.0 352.0 358.0 375.0 393.0 397.0 395.0 395.0 393.0 386.0 374.0 369.0 376.0 372.0 371.0 377.0 376.0 380.0 381.0 395.0 416.0 433.0 450.0 466.0 481.0 493.0 506.0 520.0 530.0 532.0 534.0 540.0 551.0 560.0 561.0 553.0 543.0 546.0 559.0 570.0 577.0 580.0 582.0 587.0 590.0 592.0 594.0 595.0 597.0 594.0 585.0 576.0 567.0 559.0 550.0 542.0 532.0 523.0 519.0 510.0 507.0 503.0 503.0
396.0 392.0 388.0 387.0 394.0 385.0 368.0 352.0 334.0 354.0 382.0 391.0 390.0 385.0 384.0 383.0 377.0 366.0 356.0 358.0 353.0 357.0 364.0 361.0 373.0 385.0 399.0 416.0 432.0 445.0 458.0 471.0 482.0 494.0 506.0 516.0 514.0 515.0 522.0 532.0 540.0 543.0 536.0 523.0 530.0 545.0 557.0 564.0 566.0 568.0 573.0 576.0 579.0 582.0 585.0 589.0 590.0 584.0 574.0 564.0 555.0 549.0 541.0 532.0 522.0 513.0 503.0 499.0 492.0 488.0
387.0 383.0 380.0 383.0 388.0 377.0 356.0 335.0 329.0 351.0 370.0 377.0 380.0 379.0 379.0 376.0 367.0 352.0 341.0 346.0 346.0 356.0 370.0 375.0 386.0 396.0 409.0 424.0 437.0 449.0 460.0 473.0 486.0 499.0 505.0 506.0 501.0 497.0 508.0 517.0 522.0 524.0 515.0 503.0 515.0 528.0 536.0 541.0 542.0 544.0 548.0 550.0 556.0 562.0 568.0 574.0 575.0 573.0 567.0 559.0 551.0 545.0 538.0 531.0 523.0 514.0 504.0 497.0 488.0 480.0
379.0 374.0 372.0 380.0 382.0 370.0 344.0 318.0 325.0 349.0 358.0 364.0 371.0 373.0 374.0 370.0 358.0 339.0 326.0 335.0 340.0 355.0 377.0 389.0 400.0 408.0 420.0 432.0 443.0 453.0 462.0 475.0 491.0 504.0 504.0 497.0 489.0 480.0 495.0 503.0 504.0 505.0 495.0 484.0 501.0 511.0 516.0 518.0 519.0 521.0 523.0 524.0 533.0 543.0 552.0 559.0 561.0 562.0 560.0 555.0 547.0 542.0 536.0 530.0 524.0 515.0 505.0 496.0 485.0 473.0
361.0 364.0 368.0 373.0 371.0 362.0 343.0 320.0 311.0 337.0 346.0 352.0 359.0 360.0 356.0 353.0 347.0 333.0 320.0 330.0 342.0 357.0 373.0 383.0 393.0 402.0 417.0 433.0 446.0 457.0 467.0 479.0 491.0 497.0 491.0 481.0 469.0 460.0 474.0 484.0 488.0 483.0 468.0 463.0 479.0 491.0 494.0 496.0 494.0 494.0 501.0 506.0 516.0 526.0 535.0 544.0 548.0 549.0 546.0 539.0 533.0 527.0 522.0 518.0 514.0 508.0 500.0 492.0 482.0 473.0
344.0 354.0 364.0 366.0 361.0 354.0 343.0 322.0 298.0 325.0 334.0 341.0 348.0 347.0 339.0 337.0 337.0 328.0 314.0 325.0 345.0 359.0 369.0 377.0 386.0 397.0 415.0 434.0 449.0 461.0 472.0 484.0 492.0 491.0 478.0 465.0 449.0 441.0 453.0 466.0 472.0 461.0 441.0 443.0 458.0 471.0 473.0 474.0 469.0 468.0 479.0 489.0 500.0 510.0 519.0 529.0 536.0 537.0 533.0 524.0 520.0 513.0 508.0 506.0 505.0 501.0 496.0 488.0 479.0 473.0
338.0 339.0 351.0 358.0 353.0 347.0 338.0 319.0 294.0 308.0 317.0 328.0 333.0 330.0 325.0 323.0 322.0 316.0 307.0 320.0 337.0 349.0 361.0 375.0 389.0 406.0 425.0 442.0 456.0 469.0 476.0 480.0 484.0 481.0 470.0 456.0 439.0 427.0 438.0 454.0 462.0 448.0 425.0 430.0 444.0 447.0 446.0 452.0 451.0 450.0 465.0 477.0 488.0 499.0 507.0 513.0 516.0 515.0 511.0 502.0 498.0 494.0 491.0 488.0 487.0 488.0 489.0 483.0 473.0 466.0
333.0 325.0 339.0 350.0 346.0 341.0 334.0 316.0 290.0 291.0 301.0 315.0 318.0 314.0 311.0 310.0 308.0 304.0 300.0 316.0 330.0 340.0 354.0 373.0 393.0 416.0 436.0 451.0 463.0 478.0 481.0 477.0 476.0 471.0 462.0 447.0 429.0 413.0 423.0 443.0 452.0 435.0 409.0 418.0 431.0 424.0 419.0 430.0 433.0 433.0 451.0 466.0 477.0 488.0 495.0 497.0 496.0 494.0 489.0 481.0 476.0 475.0 474.0 470.0 469.0 475.0 482.0 479.0 468.0 460.0
334.0 315.0 318.0 335.0 339.0 333.0 328.0 319.0 295.0 284.0 292.0 310.0 313.0 304.0 298.0 299.0 297.0 299.0 309.0 330.0 347.0 360.0 375.0 392.0 410.0 429.0 447.0 460.0 464.0 468.0 463.0 453.0 447.0 450.0 443.0 429.0 413.0 401.0 417.0 432.0 436.0 420.0 396.0 407.0 412.0 402.0 404.0 419.0 428.0 434.0 448.0 460.0 469.0 478.0 482.0 483.0 483.0 480.0 476.0 469.0 456.0 454.0 461.0 457.0 452.0 459.0 468.0 470.0 461.0 447.0
335.0 305.0 298.0 321.0 333.0 326.0 323.0 323.0 301.0 278.0 284.0 306.0 308.0 295.0 285.0 288.0 286.0 295.0 319.0 344.0 365.0 381.0 396.0 411.0 427.0 443.0 458.0 469.0 466.0 458.0 446.0 430.0 418.0 430.0 425.0 412.0 398.0 389.0 411.0 422.0 421.0 406.0 384.0 397.0 393.0 381.0 390.0 408.0 424.0 435.0 445.0 454.0 462.0 469.0 470.0 470.0 470.0 467.0 464.0 457.0 437.0 434.0 448.0 444.0 436.0 443.0 454.0 462.0 454.0 435.0
326.0 304.0 289.0 304.0 321.0 324.0 319.0 311.0 294.0 276.0 279.0 298.0 295.0 282.0 282.0 294.0 299.0 308.0 327.0 348.0 368.0 384.0 398.0 412.0 425.0 437.0 448.0 458.0 454.0 443.0 427.0 411.0 398.0 404.0 405.0 399.0 384.0 373.0 390.0 404.0 402.0 381.0 377.0 382.0 367.0 377.0 388.0 398.0 408.0 418.0 427.0 434.0 440.0 447.0 452.0 453.0 453.0 449.0 446.0 442.0 426.0 412.0 418.0 424.0 423.0 426.0 439.0 450.0 440.0 421.0
318.0 303.0 281.0 288.0 310.0 323.0 316.0 299.0 287.0 275.0 274.0 291.0 282.0 270.0 280.0 301.0 313.0 322.0 335.0 352.0 372.0 387.0 400.0 413.0 423.0 431.0 439.0 447.0 442.0 428.0 408.0 392.0 379.0 379.0 386.0 387.0 371.0 358.0 369.0 387.0 384.0 357.0 371.0 368.0 342.0 373.0 386.0 388.0 392.0 401.0 410.0 415.0 419.0 425.0 434.0 437.0 436.0 431.0 428.0 427.0 415.0 390.0 389.0 405.0 411.0 409.0 424.0 438.0 426.0 407.0
310.0 294.0 274.0 277.0 295.0 310.0 311.0 297.0 282.0 267.0 271.0 276.0 269.0 270.0 281.0 297.0 310.0 322.0 337.0 354.0 373.0 387.0 400.0 412.0 419.0 426.0 432.0 436.0 432.0 421.0 406.0 390.0 374.0 367.0 366.0 365.0 354.0 344.0 354.0 370.0 370.0 352.0 354.0 356.0 337.0 354.0 369.0 371.0 376.0 384.0 392.0 394.0 402.0 414.0 422.0 420.0 415.0 410.0 407.0 407.0 400.0 380.0 374.0 382.0 391.0 395.0 410.0 421.0 408.0 387.0
303.0 285.0 267.0 266.0 281.0 297.0 306.0 296.0 278.0 260.0 269.0 262.0 256.0 271.0 282.0 294.0 307.0 323.0 339.0 356.0 374.0 388.0 401.0 411.0 416.0 422.0 425.0 426.0 422.0 414.0 404.0 389.0 369.0 355.0 347.0 343.0 337.0 330.0 340.0 354.0 357.0 347.0 338.0 345.0 332.0 335.0 352.0 354.0 361.0 368.0 375.0 374.0 385.0 403.0 411.0 403.0 395.0 389.0 386.0 387.0 385.0 371.0 359.0 359.0 371.0 381.0 396.0 405.0 390.0 367.0
304.0 287.0 269.0 260.0 270.0 286.0 290.0 282.0 268.0 255.0 259.0 258.0 263.0 280.0 296.0 311.0 325.0 341.0 359.0 375.0 386.0 393.0 397.0 401.0 408.0 410.0 410.0 409.0 410.0 407.0 402.0 390.0 372.0 357.0 345.0 337.0 330.0 324.0 326.0 333.0 343.0 343.0 331.0 331.0 323.0 319.0 332.0 337.0 343.0 348.0 354.0 358.0 370.0 387.0 397.0 392.0 380.0 371.0 368.0 368.0 368.0 361.0 351.0 343.0 350.0 365.0 380.0 385.0 369.0 345.0
306.0 289.0 272.0 254.0 259.0 275.0 275.0 268.0 258.0 251.0 250.0 255.0 271.0 290.0 311.0 328.0 344.0 360.0 380.0 394.0 399.0 398.0 394.0 392.0 401.0 398.0 395.0 392.0 398.0 400.0 400.0 392.0 376.0 360.0 344.0 331.0 323.0 319.0 312.0 312.0 329.0 339.0 324.0 317.0 315.0 304.0 313.0 320.0 325.0 329.0 334.0 343.0 356.0 371.0 384.0 381.0 365.0 354.0 350.0 349.0 351.0 351.0 344.0 328.0 330.0 350.0 364.0 365.0 349.0 324.0
291.0 279.0 266.0 252.0 249.0 262.0 258.0 250.0 249.0 252.0 260.0 268.0 281.0 297.0 317.0 333.0 348.0 363.0 377.0 388.0 389.0 384.0 385.0 387.0 391.0 383.0 374.0 373.0 377.0 380.0 382.0 383.0 374.0 359.0 346.0 337.0 330.0 320.0 303.0 298.0 316.0 326.0 318.0 314.0 310.0 296.0 303.0 314.0 324.0 332.0 339.0 349.0 361.0 368.0 372.0 368.0 357.0 346.0 336.0 330.0 330.0 331.0 328.0 315.0 319.0 337.0 345.0 343.0 330.0 312.0
277.0 269.0 261.0 250.0 239.0 249.0 242.0 232.0 241.0 254.0 271.0 282.0 291.0 305.0 323.0 339.0 353.0 366.0 374.0 382.0 380.0 370.0 377.0 383.0 382.0 369.0 354.0 354.0 357.0 360.0 365.0 374.0 372.0 359.0 348.0 344.0 338.0 321.0 295.0 285.0 303.0 313.0 313.0 311.0 305.0 289.0 293.0 309.0 324.0 335.0 345.0 356.0 366.0 365.0 360.0 355.0 350.0 339.0 323.0 312.0 310.0 312.0 312.0 303.0 308.0 324.0 326.0 322.0 312.0 300.0
289.0 278.0 265.0 248.0 231.0 234.0 241.0 239.0 250.0 265.0 282.0 295.0 307.0 320.0 334.0 349.0 363.0 374.0 373.0 368.0 361.0 356.0 363.0 367.0 366.0 355.0 344.0 340.0 343.0 350.0 356.0 361.0 360.0 349.0 338.0 330.0 329.0 316.0 295.0 285.0 290.0 297.0 301.0 304.0 301.0 287.0 283.0 296.0 312.0 324.0 334.0 344.0 349.0 346.0 342.0 339.0 337.0 331.0 321.0 314.0 310.0 306.0 297.0 290.0 302.0 308.0 306.0 298.0 300.0 301.0
301.0 288.0 269.0 246.0 223.0 219.0 241.0 247.0 260.0 277.0 293.0 308.0 324.0 336.0 346.0 359.0 374.0 383.0 372.0 354.0 342.0 343.0 349.0 352.0 350.0 341.0 334.0 326.0 330.0 341.0 347.0 349.0 349.0 340.0 328.0 316.0 320.0 311.0 295.0 285.0 277.0 281.0 289.0 297.0 298.0 285.0 273.0 283.0 300.0 313.0 324.0 333.0 333.0 328.0 324.0 323.0 324.0 323.0 320.0 317.0 311.0 300.0 283.0 277.0 296.0 292.0 286.0 274.0 289.0 302.0
291.0 277.0 258.0 240.0 219.0 214.0 236.0 249.0 264.0 280.0 294.0 306.0 319.0 331.0 342.0 359.0 377.0 381.0 369.0 351.0 337.0 331.0 334.0 338.0 338.0 332.0 326.0 316.0 319.0 334.0 342.0 344.0 341.0 331.0 320.0 310.0 309.0 303.0 294.0 288.0 280.0 275.0 275.0 284.0 289.0 278.0 262.0 274.0 289.0 300.0 310.0 317.0 319.0 316.0 313.0 309.0 305.0 302.0 300.0 299.0 296.0 289.0 275.0 264.0 280.0 278.0 282.0 286.0 304.0 319.0
281.0 266.0 248.0 234.0 216.0 210.0 232.0 252.0 269.0 283.0 295.0 305.0 315.0 326.0 338.0 360.0 381.0 380.0 367.0 349.0 333.0 319.0 319.0 325.0 326.0 324.0 318.0 306.0 309.0 327.0 337.0 339.0 333.0 322.0 312.0 304.0 298.0 295.0 293.0 292.0 284.0 269.0 261.0 272.0 280.0 271.0 252.0 266.0 278.0 288.0 297.0 301.0 306.0 305.0 302.0 296.0 286.0 281.0 281.0 281.0 281.0 279.0 267.0 252.0 265.0 264.0 278.0 299.0 319.0 337.0
287.0 271.0 254.0 239.0 219.0 209.0 220.0 237.0 252.0 263.0 274.0 284.0 295.0 312.0 328.0 346.0 364.0 371.0 366.0 348.0 330.0 314.0 308.0 310.0 314.0 314.0 310.0 298.0 301.0 320.0 329.0 333.0 330.0 323.0 315.0 308.0 303.0 301.0 298.0 293.0 282.0 270.0 260.0 261.0 263.0 254.0 244.0 263.0 272.0 278.0 284.0 283.0 289.0 292.0 293.0 289.0 278.0 270.0 265.0 262.0 258.0 256.0 257.0 254.0 269.0 274.0 284.0 298.0 315.0 333.0
294.0 277.0 261.0 244.0 223.0 209.0 209.0 223.0 235.0 243.0 253.0 263.0 276.0 298.0 318.0 332.0 348.0 363.0 365.0 348.0 327.0 310.0 297.0 296.0 303.0 304.0 302.0 291.0 293.0 313.0 322.0 328.0 328.0 324.0 318.0 313.0 309.0 307.0 303.0 294.0 281.0 271.0 260.0 251.0 247.0 237.0 237.0 260.0 267.0 269.0 271.0 265.0 272.0 280.0 284.0 282.0 271.0 259.0 250.0 244.0 236.0 233.0 247.0 256.0 273.0 284.0 290.0 298.0 312.0 330.0
291.0 278.0 262.0 244.0 224.0 205.0 201.0 216.0 231.0 243.0 256.0 265.0 279.0 298.0 315.0 331.0 351.0 363.0 360.0 342.0 323.0 308.0 296.0 289.0 287.0 291.0 288.0 278.0 285.0 305.0 315.0 321.0 322.0 321.0 316.0 313.0 311.0 307.0 303.0 296.0 287.0 279.0 269.0 259.0 251.0 240.0 235.0 244.0 246.0 246.0 247.0 248.0 256.0 264.0 268.0 267.0 260.0 250.0 240.0 230.0 229.0 235.0 247.0 255.0 267.0 276.0 284.0 295.0 309.0 326.0
288.0 279.0 263.0 245.0 225.0 202.0 194.0 210.0 228.0 243.0 259.0 268.0 283.0 298.0 312.0 331.0 354.0 363.0 356.0 337.0 319.0 306.0 295.0 282.0 271.0 279.0 275.0 265.0 278.0 297.0 309.0 314.0 317.0 318.0 315.0 313.0 314.0 308.0 304.0 299.0 293.0 287.0 278.0 267.0 255.0 244.0 234.0 229.0 226.0 223.0 224.0 232.0 241.0 248.0 252.0 252.0 250.0 242.0 230.0 216.0 222.0 238.0 248.0 255.0 261.0 269.0 279.0 293.0 306.0 322.0
270.0 262.0 254.0 237.0 219.0 196.0 188.0 211.0 232.0 248.0 264.0 276.0 291.0 301.0 309.0 320.0 340.0 348.0 345.0 328.0 313.0 302.0 289.0 275.0 263.0 260.0 258.0 252.0 266.0 284.0 296.0 301.0 304.0 307.0 305.0 304.0 304.0 300.0 295.0 289.0 283.0 280.0 275.0 269.0 262.0 255.0 248.0 241.0 232.0 221.0 214.0 221.0 233.0 239.0 239.0 235.0 232.0 224.0 217.0 212.0 222.0 237.0 248.0 256.0 265.0 274.0 281.0 292.0 299.0 306.0
253.0 245.0 245.0 230.0 213.0 191.0 183.0 212.0 237.0 253.0 270.0 285.0 299.0 305.0 307.0 310.0 326.0 333.0 335.0 319.0 308.0 299.0 283.0 268.0 255.0 241.0 242.0 240.0 254.0 272.0 283.0 289.0 292.0 296.0 296.0 295.0 295.0 293.0 287.0 279.0 273.0 273.0 273.0 272.0 270.0 267.0 262.0 253.0 239.0 220.0 205.0 211.0 225.0 230.0 227.0 219.0 214.0 207.0 205.0 209.0 222.0 236.0 248.0 257.0 270.0 279.0 283.0 291.0 293.0 291.0
243.0 232.0 229.0 224.0 208.0 186.0 183.0 204.0 220.0 234.0 247.0 258.0 269.0 276.0 284.0 290.0 306.0 315.0 313.0 296.0 291.0 287.0 277.0 263.0 250.0 234.0 227.0 232.0 249.0 265.0 276.0 281.0 283.0 287.0 289.0 289.0 288.0 286.0 279.0 271.0 267.0 264.0 263.0 259.0 255.0 257.0 255.0 251.0 239.0 222.0 207.0 202.0 217.0 223.0 219.0 211.0 203.0 196.0 203.0 215.0 228.0 237.0 245.0 250.0 257.0 264.0 269.0 271.0 274.0 275.0
234.0 219.0 214.0 218.0 204.0 181.0 184.0 196.0 204.0 215.0 224.0 232.0 240.0 248.0 261.0 271.0 287.0 298.0 292.0 273.0 274.0 276.0 272.0 259.0 246.0 228.0 212.0 225.0 245.0 258.0 269.0 273.0 274.0 278.0 282.0 283.0 282.0 280.0 271.0 264.0 261.0 256.0 253.0 246.0 240.0 247.0 249.0 249.0 240.0 225.0 209.0 193.0 209.0 217.0 212.0 203.0 193.0 186.0 201.0 222.0 234.0 239.0 242.0 243.0 245.0 249.0 255.0 251.0 256.0 259.0
224.0 214.0 206.0 205.0 191.0 178.0 185.0 195.0 203.0 212.0 219.0 227.0 235.0 243.0 252.0 262.0 272.0 277.0 272.0 262.0 256.0 254.0 258.0 251.0 238.0 221.0 205.0 217.0 239.0 251.0 259.0 264.0 267.0 270.0 274.0 273.0 270.0 268.0 263.0 260.0 260.0 256.0 248.0 241.0 239.0 243.0 244.0 244.0 238.0 225.0 209.0 188.0 192.0 200.0 199.0 190.0 181.0 186.0 199.0 218.0 230.0 235.0 238.0 233.0 232.0 240.0 240.0 235.0 243.0 246.0
215.0 209.0 199.0 192.0 179.0 176.0 186.0 195.0 203.0 210.0 215.0 222.0 230.0 238.0 244.0 253.0 257.0 257.0 253.0 252.0 239.0 232.0 245.0 244.0 231.0 214.0 198.0 210.0 233.0 244.0 250.0 256.0 260.0 263.0 267.0 264.0 259.0 256.0 255.0 256.0 259.0 256.0 244.0 236.0 239.0 239.0 240.0 240.0 237.0 226.0 210.0 184.0 175.0 183.0 187.0 178.0 170.0 186.0 198.0 214.0 226.0 231.0 234.0 223.0 219.0 232.0 225.0 220.0 231.0 233.0
